KawalekPodlogiA
196.0,103.83,220.0,196.0,196.0,311.13,293.66,196.0,196.0,207.65,207.65,196.0,196.0,293.66,293.66,261.63 \ 
GdySlicznaPannaA
233.08,261.63,311.13,329.63,329.63,369.99,440.0,415.3,392.0,369.99,349.23,246.94,277.18,329.63,329.63,329.63,369.99,440.0,392.0,392.0,369.99,349.23 \ 
KawalekPodlogiK
196.0,220.0,233.08,196.0,196.0,311.13,293.66,207.65,196.0,220.0,246.94,196.0,207.65,329.63,293.66 \ 
SzlaDzieweczkaK
246.94,329.63,415.3,349.23,329.63,311.13,349.23,261.63,246.94,246.94,220.0,233.08,261.63,440.0,329.63,233.08,233.08,185.0,220.0,233.08,369.99,311.13,246.94,246.94,220.0,233.08,246.94 \ 
SzlaDzieweczkaA
233.08,349.23,440.0,392.0,349.23,329.63,349.23,293.66,261.63,261.63,220.0,233.08,261.63,415.3,329.63,261.63,233.08,233.08,196.0,220.0,233.08,369.99,311.13,277.18,246.94,261.63,392.0,369.99,329.63 \ 
GdySlicznaPannaK
220.0,246.94,277.18,293.66,293.66,329.63,392.0,369.99,329.63,329.63,293.66,220.0,261.63,293.66,311.13,311.13,329.63,392.0,392.0,329.63,329.63,293.66 \ 
WlazlKotekK
369.99,311.13,311.13,329.63,277.18,277.18,246.94,311.13,369.99 \ 

